40
33
5 8 8 9 6 5 8 9 6 6 5 5 4 5 7 9 6 5 6 5 7 5 3 3 5 9 9 4 9 5 4 9 3 8 9 4 8 7 3 
0 283 560 488 71 211 191 341 336 42 352 575 291 116 501 262 454 338 338 444 386 300 347 297 291 31 538 313 128 539 290 282 299 592 417 486 172 331 153 313 
283 0 683 477 213 120 116 325 485 284 424 464 229 188 377 470 322 530 350 524 499 573 298 456 515 252 522 567 326 376 554 206 149 459 387 412 368 375 307 290 
560 683 0 298 589 565 677 377 223 519 259 481 465 543 492 315 503 245 344 167 185 460 416 263 317 561 299 380 432 565 420 487 555 524 355 408 387 310 418 405 
488 477 298 0 479 381 518 160 268 447 160 187 251 412 195 367 216 350 151 153 208 560 180 286 406 471 50 494 377 267 518 274 329 229 90 110 358 158 339 195 
71 213 589 479 0 154 121 323 368 86 360 544 257 70 465 310 414 383 328 458 408 370 321 330 345 43 529 377 163 495 357 243 246 556 400 461 211 330 171 292 
211 120 565 381 154 0 138 222 365 197 308 407 132 96 323 354 270 411 241 409 380 475 204 337 401 180 429 459 217 345 451 110 93 413 293 336 255 262 192 187 
191 116 677 518 121 138 0 358 463 205 430 542 271 135 457 421 402 490 374 531 492 491 343 428 460 164 567 497 271 469 478 249 219 544 431 475 318 389 267 323 
341 325 377 160 323 222 358 0 236 303 127 244 95 254 188 295 163 313 35 210 212 478 41 231 344 321 209 427 248 250 440 118 183 270 77 148 245 76 206 35 
336 485 223 268 368 365 463 236 0 295 119 441 296 327 411 111 397 82 202 141 68 298 276 39 140 338 305 226 208 480 255 313 380 477 262 343 164 161 198 248 
42 284 519 447 86 197 205 303 295 0 310 541 260 101 469 227 423 301 298 401 343 289 312 256 260 45 497 291 87 510 273 253 279 559 378 449 132 290 111 277 
352 424 259 160 360 308 430 127 119 310 0 322 207 303 291 207 281 201 92 101 85 400 168 128 249 343 204 337 230 361 359 228 297 358 142 223 203 52 199 149 
575 464 481 187 544 407 542 244 441 541 322 0 287 474 86 526 141 523 263 341 388 716 228 450 571 551 183 657 492 119 676 302 323 43 183 100 488 295 450 264 
291 229 465 251 257 132 271 95 296 260 207 287 0 186 209 325 163 362 122 300 289 488 72 279 376 266 298 451 232 250 455 23 90 300 161 207 248 154 191 61 
116 188 543 412 70 96 135 254 327 101 303 474 186 0 395 289 345 356 261 403 359 386 251 292 332 85 462 379 141 427 366 173 183 486 331 391 186 267 131 222 
501 377 492 195 465 323 457 188 411 469 291 86 209 395 0 482 55 492 215 335 369 666 161 413 530 475 212 615 429 73 629 222 238 91 150 84 431 253 386 199 
262 470 315 367 310 354 421 295 111 227 207 526 325 289 482 0 458 76 267 252 179 193 329 81 50 273 408 132 149 546 151 336 396 558 342 425 103 231 163 295 
454 322 503 216 414 270 402 163 397 423 281 141 163 345 55 458 0 475 194 340 363 636 128 394 507 427 243 589 390 89 600 172 183 143 149 112 398 235 348 165 
338 530 245 350 383 411 490 313 82 301 201 523 362 356 492 76 475 0 280 213 144 228 351 83 74 347 384 151 220 560 185 376 441 559 344 425 172 240 225 320 
338 350 344 151 328 241 374 35 202 298 92 263 122 261 215 267 194 280 0 178 177 453 76 199 315 321 201 400 235 280 415 145 212 292 82 163 226 41 195 61 
444 524 167 153 458 409 531 210 141 401 101 341 300 403 335 252 340 213 178 0 72 438 249 173 280 438 177 364 317 408 395 323 391 382 191 254 282 148 291 239 
386 499 185 208 408 380 492 212 68 343 85 388 289 359 369 179 363 144 177 72 0 366 253 102 208 383 240 293 257 440 323 309 378 427 218 294 218 137 237 233 
300 573 460 560 370 475 491 478 298 289 400 716 488 386 666 193 636 228 453 438 366 0 508 273 157 327 600 80 262 726 42 492 540 746 532 615 240 420 298 471 
347 298 416 180 321 204 343 41 276 312 168 228 72 251 161 329 128 351 76 249 253 508 0 268 379 324 226 461 267 218 471 94 151 249 89 139 270 117 224 37 
297 456 263 286 330 337 428 231 39 256 128 450 279 292 413 81 394 83 199 173 102 273 268 0 121 299 327 208 169 479 231 294 359 484 268 350 124 160 161 237 
291 515 317 406 345 401 460 344 140 260 249 571 376 332 530 50 507 74 315 280 208 157 379 121 0 306 445 87 190 594 114 386 445 604 387 471 147 278 209 344 
31 252 561 471 43 180 164 321 338 45 343 551 266 85 475 273 427 347 321 438 383 327 324 299 306 0 522 334 129 511 314 255 269 566 397 464 176 317 146 292 
538 522 299 50 529 429 567 209 305 497 204 183 298 462 212 408 243 384 201 177 240 600 226 327 445 522 0 531 426 280 558 320 373 226 136 131 405 207 389 244 
313 567 380 494 377 459 497 427 226 291 337 657 451 379 615 132 589 151 400 364 293 80 461 208 87 334 531 0 241 678 42 458 513 690 474 557 207 363 270 425 
128 326 432 377 163 217 271 248 208 87 230 492 232 141 429 149 390 220 235 317 257 262 267 169 190 129 426 241 0 479 235 233 278 516 318 395 48 218 42 229 
539 376 565 267 495 345 469 250 480 510 361 119 250 427 73 546 89 560 280 408 440 726 218 479 594 511 280 678 479 0 689 257 253 93 221 157 487 320 437 254 
290 554 420 518 357 451 478 440 255 273 359 676 455 366 629 151 600 185 415 395 323 42 471 231 114 314 558 42 235 689 0 461 512 707 492 575 208 381 268 435 
282 206 487 274 243 110 249 118 313 253 228 302 23 173 222 336 172 376 145 323 309 492 94 294 386 255 320 458 233 257 461 0 69 313 184 226 253 176 194 84 
299 149 555 329 246 93 219 183 380 279 297 323 90 183 238 396 183 441 212 391 378 540 151 359 445 269 373 513 278 253 512 69 0 325 239 264 306 245 243 151 
592 459 524 229 556 413 544 270 477 559 358 43 300 486 91 558 143 559 292 382 427 746 249 484 604 566 226 690 516 93 707 313 325 0 216 134 515 327 473 286 
417 387 355 90 400 293 431 77 262 378 142 183 161 331 150 342 149 344 82 191 218 532 89 268 387 397 136 474 318 221 492 184 239 216 0 83 308 111 277 109 
486 412 408 110 461 336 475 148 343 449 223 100 207 391 84 425 112 425 163 254 294 615 139 350 471 464 131 557 395 157 575 226 264 134 83 0 389 194 354 172 
172 368 387 358 211 255 318 245 164 132 203 488 248 186 431 103 398 172 226 282 218 240 270 124 147 176 405 207 48 487 208 253 306 515 308 389 0 202 63 233 
331 375 310 158 330 262 389 76 161 290 52 295 154 267 253 231 235 240 41 148 137 420 117 160 278 317 207 363 218 320 381 176 245 327 111 194 202 0 181 96 
153 307 418 339 171 192 267 206 198 111 199 450 191 131 386 163 348 225 195 291 237 298 224 161 209 146 389 270 42 437 268 194 243 473 277 354 63 181 0 187 
313 290 405 195 292 187 323 35 248 277 149 264 61 222 199 295 165 320 61 239 233 471 37 237 344 292 244 425 229 254 435 84 151 286 109 172 233 96 187 0 
